vesselCount = 9
UT = 216849.21714764356
gameMode = CAREER
gameNull = False
kspVersion = 1.12.5
funds = 2217952.4780415297
science = 615
reputationPercent = 69
ongoingContracts = 8
missionCurrentScore = 0
missionIsStarted = False
missionIsEnded = False
missionHistoryId = 00000000-0000-0000-0000-000000000000
missionExpansionVersion = 
saveMD5 = 
lastWriteTime = 638756080820000000
