vesselCount = 13
UT = 492499.09464548598
gameMode = CAREER
gameNull = False
kspVersion = 1.12.5
funds = 2906657.7698601489
science = 1392
reputationPercent = 72
ongoingContracts = 6
missionCurrentScore = 0
missionIsStarted = False
missionIsEnded = False
missionHistoryId = 00000000-0000-0000-0000-000000000000
missionExpansionVersion = 
saveMD5 = 
lastWriteTime = 638775319670000000
