vesselCount = 13
UT = 521469.79467487946
gameMode = CAREER
gameNull = False
kspVersion = 1.12.5
funds = 2736252.2343608625
science = 499
reputationPercent = 77
ongoingContracts = 6
missionCurrentScore = 0
missionIsStarted = False
missionIsEnded = False
missionHistoryId = 00000000-0000-0000-0000-000000000000
missionExpansionVersion = 
saveMD5 = 
lastWriteTime = 638800940010000000
