vesselCount = 11
UT = 474366.32162372937
gameMode = CAREER
gameNull = False
kspVersion = 1.12.5
funds = 3164792.4598511462
science = 1275
reputationPercent = 71
ongoingContracts = 7
missionCurrentScore = 0
missionIsStarted = False
missionIsEnded = False
missionHistoryId = 00000000-0000-0000-0000-000000000000
missionExpansionVersion = 
saveMD5 = 
lastWriteTime = 638760479240000000
