vesselCount = 16
UT = 628433.94653706905
gameMode = CAREER
gameNull = False
kspVersion = 1.12.5
funds = 3054705.9147504177
science = 2096
reputationPercent = 77
ongoingContracts = 6
missionCurrentScore = 0
missionIsStarted = False
missionIsEnded = False
missionHistoryId = 00000000-0000-0000-0000-000000000000
missionExpansionVersion = 
saveMD5 = 
lastWriteTime = 638961726049415627
