vesselCount = 0
UT = 43749.205596156244
gameMode = CAREER
gameNull = False
kspVersion = 1.12.5
funds = 865666.83927762508
science = 139
reputationPercent = 31
ongoingContracts = 1
missionCurrentScore = 0
missionIsStarted = False
missionIsEnded = False
missionHistoryId = 00000000-0000-0000-0000-000000000000
missionExpansionVersion = 
saveMD5 = 
lastWriteTime = 638664477430000000
