vesselCount = 10
UT = 476078.89311432152
gameMode = CAREER
gameNull = False
kspVersion = 1.12.5
funds = 3597849.7279595141
science = 90
reputationPercent = 71
ongoingContracts = 6
missionCurrentScore = 0
missionIsStarted = False
missionIsEnded = False
missionHistoryId = 00000000-0000-0000-0000-000000000000
missionExpansionVersion = 
saveMD5 = 
lastWriteTime = 638761356310000000
