vesselCount = 20
UT = 631032.29715426173
gameMode = CAREER
gameNull = False
kspVersion = 1.12.5
funds = 2726140.3055051174
science = 2096
reputationPercent = 77
ongoingContracts = 6
missionCurrentScore = 0
missionIsStarted = False
missionIsEnded = False
missionHistoryId = 00000000-0000-0000-0000-000000000000
missionExpansionVersion = 
saveMD5 = 
lastWriteTime = 638961768314341388
