vesselCount = 11
UT = 473525.8675116974
gameMode = CAREER
gameNull = False
kspVersion = 1.12.5
funds = 2635702.0225781202
science = 672
reputationPercent = 70
ongoingContracts = 8
missionCurrentScore = 0
missionIsStarted = False
missionIsEnded = False
missionHistoryId = 00000000-0000-0000-0000-000000000000
missionExpansionVersion = 
saveMD5 = 
lastWriteTime = 638757916800000000
