vesselCount = 2
UT = 65030.884781316832
gameMode = CAREER
gameNull = False
kspVersion = 1.12.5
funds = 1082492.724567771
science = 184
reputationPercent = 43
ongoingContracts = 5
missionCurrentScore = 0
missionIsStarted = False
missionIsEnded = False
missionHistoryId = 00000000-0000-0000-0000-000000000000
missionExpansionVersion = 
saveMD5 = 
lastWriteTime = 638726078940000000
