vesselCount = 15
UT = 560498.1788619794
gameMode = CAREER
gameNull = False
kspVersion = 1.12.5
funds = 1114655.4745781475
science = 816
reputationPercent = 77
ongoingContracts = 6
missionCurrentScore = 0
missionIsStarted = False
missionIsEnded = False
missionHistoryId = 00000000-0000-0000-0000-000000000000
missionExpansionVersion = 
saveMD5 = 
lastWriteTime = 638928263039236881
