vesselCount = 15
UT = 627611.80973943183
gameMode = CAREER
gameNull = False
kspVersion = 1.12.5
funds = 902228.08095868467
science = 2096
reputationPercent = 77
ongoingContracts = 6
missionCurrentScore = 0
missionIsStarted = False
missionIsEnded = False
missionHistoryId = 00000000-0000-0000-0000-000000000000
missionExpansionVersion = 
saveMD5 = 
lastWriteTime = 638960903419820639
