vesselCount = 7
UT = 115755.33207181288
gameMode = CAREER
gameNull = False
kspVersion = 1.12.5
funds = 3884409.4601005316
science = 1004
reputationPercent = 63
ongoingContracts = 10
missionCurrentScore = 0
missionIsStarted = False
missionIsEnded = False
missionHistoryId = 00000000-0000-0000-0000-000000000000
missionExpansionVersion = 
saveMD5 = 
lastWriteTime = 638738932910000000
