vesselCount = 13
UT = 494048.13698323426
gameMode = CAREER
gameNull = False
kspVersion = 1.12.5
funds = 2849595.112707973
science = 812
reputationPercent = 73
ongoingContracts = 6
missionCurrentScore = 0
missionIsStarted = False
missionIsEnded = False
missionHistoryId = 00000000-0000-0000-0000-000000000000
missionExpansionVersion = 
saveMD5 = 
lastWriteTime = 638778430620000000
