vesselCount = 6
UT = 119541.81243603914
gameMode = CAREER
gameNull = False
kspVersion = 1.12.5
funds = 3884409.4601005316
science = 177
reputationPercent = 63
ongoingContracts = 10
missionCurrentScore = 0
missionIsStarted = False
missionIsEnded = False
missionHistoryId = 00000000-0000-0000-0000-000000000000
missionExpansionVersion = 
saveMD5 = 
lastWriteTime = 638743351370000000
