vesselCount = 13
UT = 499913.75299138285
gameMode = CAREER
gameNull = False
kspVersion = 1.12.5
funds = 2791682.2988957171
science = 718
reputationPercent = 74
ongoingContracts = 6
missionCurrentScore = 0
missionIsStarted = False
missionIsEnded = False
missionHistoryId = 00000000-0000-0000-0000-000000000000
missionExpansionVersion = 
saveMD5 = 
lastWriteTime = 638779619800000000
