vesselCount = 12
UT = 189361.15505973191
gameMode = CAREER
gameNull = False
kspVersion = 1.12.5
funds = 1833232.9517115355
science = 486
reputationPercent = 67
ongoingContracts = 8
missionCurrentScore = 0
missionIsStarted = False
missionIsEnded = False
missionHistoryId = 00000000-0000-0000-0000-000000000000
missionExpansionVersion = 
saveMD5 = 
lastWriteTime = 638754480380000000
