vesselCount = 8
UT = 128570.40067987767
gameMode = CAREER
gameNull = False
kspVersion = 1.12.5
funds = 1580289.5051668882
science = 464
reputationPercent = 66
ongoingContracts = 9
missionCurrentScore = 0
missionIsStarted = False
missionIsEnded = False
missionHistoryId = 00000000-0000-0000-0000-000000000000
missionExpansionVersion = 
saveMD5 = 
lastWriteTime = 638749295420000000
