vesselCount = 7
UT = 126974.57043299852
gameMode = CAREER
gameNull = False
kspVersion = 1.12.5
funds = 2144715.6540397406
science = 617
reputationPercent = 65
ongoingContracts = 9
missionCurrentScore = 0
missionIsStarted = False
missionIsEnded = False
missionHistoryId = 00000000-0000-0000-0000-000000000000
missionExpansionVersion = 
saveMD5 = 
lastWriteTime = 638748309030000000
