vesselCount = 7
UT = 126240.71655837145
gameMode = CAREER
gameNull = False
kspVersion = 1.12.5
funds = 3426567.0578483343
science = 617
reputationPercent = 65
ongoingContracts = 9
missionCurrentScore = 0
missionIsStarted = False
missionIsEnded = False
missionHistoryId = 00000000-0000-0000-0000-000000000000
missionExpansionVersion = 
saveMD5 = 
lastWriteTime = 638744192940000000
