vesselCount = 99
UT = 370674205.07361108
gameMode = CAREER
gameNull = False
kspVersion = 1.12.5
funds = 7491659.2005189573
science = 4328
reputationPercent = 5
ongoingContracts = 6
missionCurrentScore = 0
missionIsStarted = False
missionIsEnded = False
missionHistoryId = 00000000-0000-0000-0000-000000000000
missionExpansionVersion = 
saveMD5 = 
lastWriteTime = 638587642240000000
