vesselCount = 98
UT = 370673643.25414687
gameMode = CAREER
gameNull = False
kspVersion = 1.12.5
funds = 7637492.423419348
science = 4328
reputationPercent = 5
ongoingContracts = 6
missionCurrentScore = 0
missionIsStarted = False
missionIsEnded = False
missionHistoryId = 00000000-0000-0000-0000-000000000000
missionExpansionVersion = 
saveMD5 = 
lastWriteTime = 638576254048525802
