vesselCount = 21
UT = 642888.29512202542
gameMode = CAREER
gameNull = False
kspVersion = 1.12.5
funds = 2400973.0550168362
science = 2096
reputationPercent = 77
ongoingContracts = 0
missionCurrentScore = 0
missionIsStarted = False
missionIsEnded = False
missionHistoryId = 00000000-0000-0000-0000-000000000000
missionExpansionVersion = 
saveMD5 = 
lastWriteTime = 638962792766942031
